Susan_numeric = [1.8600, 2.4450, 4.0600, 4.6600, 6.2300, 6.8400, 8.3900, 9.0050];
Lorenz_numeric = [1.88, 2.27, 4.1, 4.5, 6.33, 6.63];
BN_numeric = [1.871, 2.248, 4.079, 4.455, 6.259, 6.638];
biffurcations_corrected = [1.8600, 2.725, 4.0600, 4.93, 6.2300, 7.11, 8.3900, 9.28];
Susan_LS = 